0 0 0 0 1 0
0 0 0 0 1 0
0 0 0 0 1 0
0 0 0 0 1 0
1 0 0 -1 1 0
1 0 0 -1 1 0
1 0 0 -1 1 0
1 0 0 -1 1 0
2 0 0 -1 1 0
2 0 0 -1 1 0
2 0 0 -1 1 0
2 0 0 -1 1 0
3 0 0 -1 1 0
3 0 0 -1 1 0
3 0 0 -1 1 0
3 0 0 -1 1 0
4 0 0 1 1 0
4 0 0 1 1 0
4 0 0 1 1 0
4 0 0 1 1 0
5 0 16 0 0 0
5 0 16 0 0 0
5 0 16 0 0 0
5 0 16 0 0 0
6 0 16 0 0 0
6 0 16 0 0 0
6 0 16 0 0 0
6 0 16 0 0 0
7 0 0 -1 0 0
7 0 0 -1 0 0
7 0 0 -1 0 0
7 0 0 -1 0 0
8 0 0 -1 0 0
8 0 0 -1 0 0
8 0 0 -1 0 0
8 0 0 -1 0 0
9 0 0 0 0 0
9 0 0 0 0 0
9 0 0 0 0 0
9 0 0 0 0 192
10 0 16 0 0 0
10 0 16 0 0 0
10 0 16 0 0 0
10 0 16 0 0 0
11 0 0 1 0 0
11 0 0 1 0 0
11 0 0 1 0 0
11 0 0 1 0 0
12 0 16 0 0 0
12 0 16 0 0 0
12 0 16 0 0 0
12 0 16 0 0 0
13 0 0 1 0 0
13 0 0 1 0 0
13 0 0 1 0 0
13 0 0 1 0 0
14 0 0 1 1 0
14 0 0 1 1 0
14 0 0 1 1 0
14 0 0 1 1 0
15 0 0 -1 1 0
15 0 0 -1 1 0
15 0 0 -1 1 0
15 0 0 -1 1 0
16 0 0 -1 1 0
16 0 0 -1 1 0
16 0 0 -1 1 0
16 0 0 -1 1 0
17 0 0 -1 1 0
17 0 0 -1 1 0
17 0 0 -1 1 0
17 0 0 -1 1 0
18 0 0 -1 1 0
18 0 0 -1 1 0
18 0 0 -1 1 0
18 0 0 -1 1 0
19 0 0 -7 2 0
19 0 0 -7 2 0
19 0 0 -7 2 0
19 0 0 -7 2 0
20 0 0 -7 2 0
20 0 0 -7 2 0
20 0 0 -7 2 206
20 0 0 -7 2 206
21 0 0 0 1 0
21 0 0 0 1 0
21 0 0 0 1 0
21 0 0 0 1 0
0 1 0 15 2 0
0 1 0 15 2 0
0 1 0 15 2 0
0 1 0 15 2 0
1 1 0 15 2 0
1 1 0 15 2 0
1 1 0 15 2 0
1 1 0 15 2 0
2 1 0 25 2 0
2 1 0 25 2 0
2 1 0 25 2 0
2 1 0 25 2 0
3 1 0 23 2 0
3 1 0 23 2 0
3 1 0 23 2 0
3 1 0 23 2 0
4 1 0 21 2 0
4 1 0 21 2 0
4 1 0 21 2 0
4 1 0 21 2 0
5 1 0 21 2 0
5 1 0 21 2 0
5 1 0 21 2 0
5 1 0 21 2 0
6 1 0 21 2 0
6 1 0 21 2 0
6 1 0 21 2 0
6 1 0 21 2 0
7 1 0 21 2 0
7 1 0 21 2 0
7 1 0 21 2 0
7 1 0 21 2 0
8 1 0 27 1 256
8 1 0 27 1 0
8 1 0 27 1 0
8 1 0 27 1 0
9 1 0 0 1 0
9 1 0 0 1 208
9 1 0 0 1 0
9 1 0 0 1 0
10 1 0 0 1 208
10 1 0 0 1 0
10 1 0 0 1 0
10 1 0 0 1 0
11 1 0 0 1 0
11 1 0 0 1 0
11 1 0 0 1 0
11 1 0 0 1 0
12 1 0 0 1 208
12 1 0 0 1 208
12 1 0 0 1 0
12 1 0 0 1 0
13 1 0 -3 1 0
13 1 0 -3 1 0
13 1 0 -3 1 0
13 1 0 -3 1 0
14 1 0 -5 2 0
14 1 0 -5 2 0
14 1 0 -5 2 0
14 1 0 -5 2 0
15 1 0 -5 2 0
15 1 0 -5 2 0
15 1 0 -5 2 0
15 1 0 -5 2 0
16 1 0 -15 2 0
16 1 0 -15 2 0
16 1 0 -15 2 0
16 1 0 -15 2 0
17 1 0 -15 2 0
17 1 0 -15 2 0
17 1 0 -15 2 0
17 1 0 -15 2 0
18 1 0 -7 2 0
18 1 0 -7 2 0
18 1 0 -7 2 0
18 1 0 -7 2 0
19 1 0 -7 2 0
19 1 0 -7 2 0
19 1 0 -7 2 0
19 1 0 -7 2 0
20 1 0 -7 1 0
20 1 0 -7 1 0
20 1 0 -7 1 0
20 1 0 -7 1 0
21 1 16 0 0 0
21 1 16 0 0 0
21 1 16 0 0 0
21 1 16 0 0 0
0 2 16 0 0 0
0 2 16 0 0 0
0 2 16 0 0 0
0 2 16 0 0 0
1 2 0 15 2 0
1 2 0 15 2 0
1 2 0 15 2 0
1 2 0 15 2 0
2 2 16 0 0 0
2 2 16 0 0 0
2 2 16 0 0 0
2 2 16 0 0 0
3 2 0 21 2 0
3 2 0 21 2 0
3 2 0 21 2 0
3 2 0 21 2 0
4 2 16 0 0 0
4 2 16 0 0 0
4 2 16 0 0 0
4 2 16 0 0 0
5 2 16 0 0 0
5 2 16 0 0 0
5 2 16 0 0 0
5 2 16 0 0 0
6 2 0 -1 0 0
6 2 0 -1 0 0
6 2 0 -1 0 0
6 2 0 -1 0 0
7 2 0 2 0 0
7 2 0 2 0 0
7 2 0 2 0 0
7 2 0 2 0 0
8 2 0 -1 0 0
8 2 0 -1 0 0
8 2 0 -1 0 0
8 2 0 -1 0 0
9 2 0 1 1 0
9 2 0 1 1 0
9 2 0 1 1 176
9 2 0 1 1 176
10 2 16 0 0 0
10 2 16 0 0 0
10 2 16 0 0 0
10 2 16 0 0 0
11 2 0 1 0 0
11 2 0 1 0 0
11 2 0 1 0 0
11 2 0 1 0 0
12 2 0 7 0 0
12 2 0 7 0 0
12 2 0 7 0 0
12 2 0 7 0 0
13 2 0 5 0 0
13 2 0 5 0 0
13 2 0 5 0 0
13 2 0 5 0 0
14 2 0 2 0 0
14 2 0 2 0 0
14 2 0 2 0 0
14 2 0 2 0 0
15 2 0 1 0 0
15 2 0 1 0 0
15 2 0 1 0 0
15 2 0 1 0 0
16 2 16 0 0 0
16 2 16 0 0 0
16 2 16 0 0 0
16 2 16 0 0 0
17 2 16 0 0 0
17 2 16 0 0 0
17 2 16 0 0 0
17 2 16 0 0 0
18 2 16 0 0 0
18 2 16 0 0 0
18 2 16 0 0 0
18 2 16 0 0 0
19 2 16 0 0 0
19 2 16 0 0 0
19 2 16 0 0 0
19 2 16 0 0 0
20 2 16 0 0 0
20 2 16 0 0 0
20 2 16 0 0 0
20 2 16 0 0 0
21 2 16 0 0 0
21 2 16 0 0 0
21 2 16 0 0 0
21 2 16 0 0 0
0 3 16 0 0 0
0 3 16 0 0 0
0 3 16 0 0 0
0 3 16 0 0 0
1 3 0 14 1 0
1 3 0 14 1 0
1 3 0 14 1 0
1 3 0 14 1 0
2 3 0 14 1 0
2 3 0 14 1 0
2 3 0 14 1 0
2 3 0 14 1 0
3 3 16 0 0 0
3 3 16 0 0 0
3 3 16 0 0 0
3 3 16 0 0 0
4 3 16 0 0 0
4 3 16 0 0 0
4 3 16 0 0 0
4 3 16 0 0 0
5 3 16 0 0 0
5 3 16 0 0 0
5 3 16 0 0 0
5 3 16 0 0 0
6 3 0 0 1 0
6 3 0 0 1 0
6 3 0 0 1 0
6 3 0 0 1 0
7 3 0 1 1 224
7 3 0 1 1 288
7 3 0 1 1 192
7 3 0 1 1 288
8 3 0 1 1 0
8 3 0 1 1 0
8 3 0 1 1 0
8 3 0 1 1 0
